 14  13  12  11  10   9   8   7   7   7   7   7   7   7   7   7   7   7   8   9  10  11  12  13  14  15  16  16  17
 14  13  12  11  10   9   8   7   6   6   6   6   6   6   6   6   6   7   8   9  10  11  12  13  14  15  15  16  17
 14  13  12  11  10   9   8   7   6   5   5   5   5   5   5   5  -1  -1  -1  -1  -1  11  12  13  14  14  15  16  17
 14  13  12  11  10   9   8   7   6   5   4   4   4   4   4   4  -1  -1  -1  -1  -1  12  12  13  13  14  15  16  17
 14  13  12  11  10   9  -1  -1  -1  -1  -1   3   3   3   3   4  -1  -1  -1  -1  -1  12  12  12  13  14  15  16  17
 14  13  12  11  10  10  -1  -1  -1  -1  -1   2   2   2 p13   4  -1  -1  -1  -1  -1  11  11  12  13  14  15  16  17
 14  13  12  11  11  11  -1  -1  -1  -1  -1   2 p15 p14   3 p12  -1  -1  -1  -1  -1  10  11  12  13  14  15  16  17
 14  13  12  11  10  10  -1  -1  -1  -1  -1   2   2   2   3   4 p11   6  p9   8   9  10  11  12  13  14  15  16  17
 14  13  12  11  10   9  -1  -1  -1  -1  -1   3   3   3   3   4   5 p10   7  p8   9  10  11  12  13  14  15  16  17
 14  13  12  11  10   9   8   7   6   5   4   4  -1  -1  -1  -1  -1   6   7   8  p7  10  11  12  13  14  15  16  17
 14  13  12  11  10   9   8   7   6   5   5   5  -1  -1  -1  -1  -1   7   7   8   9  p6  11  12  13  14  15  16  17
 14  13  12  11  10   9   8   7   6   6   6   6  -1  -1  -1  -1  -1   8   8   8   9  10  p5  12  13  14  15  16  17
 14  13  12  11  10   9   8   7   7   7   7   7  -1  -1  -1  -1  -1   9   9   9   9  10  11  p4  13  14  15  16  17
 14  13  12  11  10   9   8   8   8   8   8   8  -1  -1  -1  11  10  10  10  10  10  10  11  12  p3  14  15  16  17
 14  13  12  11  10   9   9   9   9   9   9   9  -1  -1  -1  11  11  11  11  11  11  11  11  12  13  p2  15  16  17
 14  13  12  11  10  10  10  10  10  10  10  10  10  11  -1  12  12  12  12  12  12  12  12  12  13  14  p1  16  17
 14  13  12  11  11  11  11  11  11  11  11  11  11  -1  -1  -1  13  13  13  13  13  13  13  13  13  14  15  p0  17
