 15  14  13  12  11  10   9   8   7   7   7   7   7   7   7   7   7   7   8   9  10  11  12  13  14  14  14  14  15
 15  14  13  12  11  10   9   8   7   6   6   6   6   6   6   6   6   7   8   9  10  11  12  13  13  13  13  14  15
 15  14  13  12  11  10   9   8   7   6   5   5   5   5   5   5  -1  -1  -1  -1  -1  11  12  12  12  12  13  14  15
 15  14  13  12  11  10   9   8   7   6   5   4   4   4   4   4  -1  -1  -1  -1  -1  11  11  11  11  12  13  14  15
 15  14  13  12  11  10  -1  -1  -1  -1  -1   4   3   3   3   3  -1  -1  -1  -1  -1  10  10  10  11  12  13  14  15
 15  14  13  12  11  11  -1  -1  -1  -1  -1   4   3   2   2   2  -1  -1  -1  -1  -1   9   9  10  11  12  13  14  15
 15  14  13  12  12  12  -1  -1  -1  -1  -1   4   3   2  p8   2  -1  -1  -1  -1  -1   8   9  10  11  12  13  14  15
 15  14  13  12  11  11  -1  -1  -1  -1  -1   4   3   2   2  p7   3   4   5   6   7   8   9  10  11  12  13  14  15
 15  14  13  12  11  10  -1  -1  -1  -1  -1   4   3   3   3   3  p6   4   5   6   7   8   9  10  11  12  13  14  15
 15  14  13  12  11  10   9   8   7   6   5   4   4   4   4   4   4  p5   5   6   7   8   9  10  11  12  13  14  15
 15  14  13  12  11  10   9   8   7   6   5   5  -1  -1  -1  -1  -1   5  p4   6   7   8   9  10  11  12  13  14  15
 15  14  13  12  11  10   9   8   7   6   6   6  -1  -1  -1  -1  -1   6   6  p3   7   8   9  10  11  12  13  14  15
 15  14  13  12  11  10   9   8   7   7   7   7  -1  -1  -1  -1  -1   7   7   7  p2   8   9  10  11  12  13  14  15
 15  14  13  12  11  10   9   8   8   8   8   8  -1  -1  -1   9   8   8   8   8   8  p1   9  10  11  12  13  14  15
 15  14  13  12  11  10   9   9   9   9   9   9  -1  -1  -1   9   9   9   9   9   9   9  p0  10  11  12  13  14  15
 15  14  13  12  11  10  10  10  10  10  10  10  10  11  10  10  10  10  10  10  10  10  10  10  11  12  13  14  15
 15  14  13  12  11  11  11  11  11  11  11  11  11  11  11  11  11  11  11  11  11  11  11  11  11  12  13  14  15
